2025/03/14 09:43:30.497506 Philosopher 3: Thinking
2025/03/14 09:43:30.497724 Philosopher 3: Waiting
2025/03/14 09:43:30.497738 Philosopher 3: Eating
2025/03/14 09:43:30.499791 Philosopher 1: Thinking
2025/03/14 09:43:30.499833 Philosopher 1: Waiting
2025/03/14 09:43:30.499894 Philosopher 1: Eating
2025/03/14 09:43:30.510515 Philosopher 2: Thinking
2025/03/14 09:43:30.510902 Philosopher 2: Waiting
2025/03/14 09:43:30.546279 Philosopher 0: Thinking
2025/03/14 09:43:30.546402 Philosopher 0: Waiting
2025/03/14 09:43:30.546467 Philosopher 4: Thinking
2025/03/14 09:43:30.546517 Philosopher 4: Waiting
2025/03/14 09:43:30.554735 Philosopher 4: Eating
2025/03/14 09:43:30.563993 Philosopher 3: Thinking
2025/03/14 09:43:30.564113 Philosopher 3: Waiting
2025/03/14 09:43:30.581542 Philosopher 0: Thinking
2025/03/14 09:43:30.581603 Philosopher 0: Waiting
2025/03/14 09:43:30.586851 Philosopher 3: Thinking
2025/03/14 09:43:30.587144 Philosopher 3: Waiting
2025/03/14 09:43:30.589003 ------------------------
2025/03/14 09:43:30.589056 Philosopher 0: Thinking
2025/03/14 09:43:30.589131 Philosopher 1: Eating
2025/03/14 09:43:30.589139 Philosopher 2: Thinking
2025/03/14 09:43:30.589143 Philosopher 3: Thinking
2025/03/14 09:43:30.589149 Philosopher 4: Eating
2025/03/14 09:43:30.596179 Philosopher 2: Eating
2025/03/14 09:43:30.618638 Philosopher 0: Eating
2025/03/14 09:43:30.621598 Philosopher 4: Thinking
2025/03/14 09:43:30.622361 Philosopher 4: Waiting
2025/03/14 09:43:30.671971 Philosopher 3: Thinking
2025/03/14 09:43:30.672068 Philosopher 3: Waiting
2025/03/14 09:43:30.677313 Philosopher 1: Thinking
2025/03/14 09:43:30.677410 Philosopher 1: Waiting
2025/03/14 09:43:30.686391 Philosopher 1: Thinking
2025/03/14 09:43:30.686782 Philosopher 1: Waiting
2025/03/14 09:43:30.689769 Philosopher 3: Eating
2025/03/14 09:43:30.689805 ------------------------
2025/03/14 09:43:30.689930 Philosopher 0: Thinking
2025/03/14 09:43:30.689943 Philosopher 1: Thinking
2025/03/14 09:43:30.689954 Philosopher 2: Thinking
2025/03/14 09:43:30.689965 Philosopher 3: Eating
2025/03/14 09:43:30.689975 Philosopher 4: Thinking
2025/03/14 09:43:30.709824 Philosopher 0: Thinking
2025/03/14 09:43:30.710044 Philosopher 0: Waiting
2025/03/14 09:43:30.710054 Philosopher 0: Eating
2025/03/14 09:43:30.721283 Philosopher 4: Thinking
2025/03/14 09:43:30.721355 Philosopher 4: Waiting
2025/03/14 09:43:30.749879 Philosopher 1: Thinking
2025/03/14 09:43:30.750385 Philosopher 1: Waiting
2025/03/14 09:43:30.750728 Philosopher 1: Eating
2025/03/14 09:43:30.754350 Philosopher 0: Thinking
2025/03/14 09:43:30.754598 Philosopher 0: Waiting
2025/03/14 09:43:30.760857 Philosopher 2: Thinking
2025/03/14 09:43:30.760954 Philosopher 2: Waiting
2025/03/14 09:43:30.781996 Philosopher 4: Eating
2025/03/14 09:43:30.782993 Philosopher 0: Thinking
2025/03/14 09:43:30.784858 Philosopher 0: Waiting
2025/03/14 09:43:30.790779 ------------------------
2025/03/14 09:43:30.790991 Philosopher 0: Thinking
2025/03/14 09:43:30.791025 Philosopher 1: Thinking
2025/03/14 09:43:30.791144 Philosopher 2: Thinking
2025/03/14 09:43:30.791170 Philosopher 3: Thinking
2025/03/14 09:43:30.791193 Philosopher 4: Eating
2025/03/14 09:43:30.792059 Philosopher 0: Eating
2025/03/14 09:43:30.811459 Philosopher 1: Thinking
2025/03/14 09:43:30.811600 Philosopher 1: Waiting
2025/03/14 09:43:30.822972 Philosopher 1: Eating
2025/03/14 09:43:30.834808 Philosopher 4: Thinking
2025/03/14 09:43:30.834898 Philosopher 4: Waiting
2025/03/14 09:43:30.834913 Philosopher 4: Eating
2025/03/14 09:43:30.841789 Philosopher 2: Thinking
2025/03/14 09:43:30.841850 Philosopher 2: Waiting
2025/03/14 09:43:30.841864 Philosopher 2: Eating
2025/03/14 09:43:30.845692 Philosopher 3: Thinking
2025/03/14 09:43:30.845754 Philosopher 3: Waiting
2025/03/14 09:43:30.889309 Philosopher 4: Thinking
2025/03/14 09:43:30.889442 Philosopher 4: Waiting
2025/03/14 09:43:30.889505 Philosopher 4: Eating
2025/03/14 09:43:30.891545 ------------------------
2025/03/14 09:43:30.891577 Philosopher 0: Thinking
2025/03/14 09:43:30.891583 Philosopher 1: Thinking
2025/03/14 09:43:30.891587 Philosopher 2: Eating
2025/03/14 09:43:30.891603 Philosopher 3: Thinking
2025/03/14 09:43:30.891607 Philosopher 4: Eating
2025/03/14 09:43:30.903038 Philosopher 0: Thinking
2025/03/14 09:43:30.903409 Philosopher 0: Waiting
2025/03/14 09:43:30.906574 Philosopher 1: Thinking
2025/03/14 09:43:30.906728 Philosopher 1: Waiting
2025/03/14 09:43:30.932612 Philosopher 0: Eating
2025/03/14 09:43:30.935822 Philosopher 1: Thinking
2025/03/14 09:43:30.936187 Philosopher 1: Waiting
2025/03/14 09:43:30.966459 Philosopher 3: Thinking
2025/03/14 09:43:30.966852 Philosopher 3: Waiting
2025/03/14 09:43:30.966900 Philosopher 3: Eating
2025/03/14 09:43:30.991972 ------------------------
2025/03/14 09:43:30.992575 Philosopher 0: Eating
2025/03/14 09:43:30.992890 Philosopher 1: Thinking
2025/03/14 09:43:30.993183 Philosopher 2: Thinking
2025/03/14 09:43:30.993388 Philosopher 3: Eating
2025/03/14 09:43:30.993794 Philosopher 4: Thinking
2025/03/14 09:43:30.994281 Philosopher 2: Thinking
2025/03/14 09:43:30.996012 Philosopher 2: Waiting
2025/03/14 09:43:31.003664 Philosopher 1: Eating
2025/03/14 09:43:31.010869 Philosopher 4: Thinking
2025/03/14 09:43:31.010925 Philosopher 4: Waiting
2025/03/14 09:43:31.027562 Philosopher 1: Thinking
2025/03/14 09:43:31.027739 Philosopher 1: Waiting
2025/03/14 09:43:31.028033 Philosopher 1: Eating
2025/03/14 09:43:31.047720 Philosopher 0: Thinking
2025/03/14 09:43:31.047776 Philosopher 0: Waiting
2025/03/14 09:43:31.051876 Philosopher 2: Thinking
2025/03/14 09:43:31.052810 Philosopher 2: Waiting
2025/03/14 09:43:31.054075 Philosopher 4: Eating
2025/03/14 09:43:31.056623 Philosopher 0: Thinking
2025/03/14 09:43:31.057041 Philosopher 0: Waiting
2025/03/14 09:43:31.063847 Philosopher 2: Eating
2025/03/14 09:43:31.090573 Philosopher 0: Eating
2025/03/14 09:43:31.091894 Philosopher 2: Thinking
2025/03/14 09:43:31.092209 Philosopher 2: Waiting
2025/03/14 09:43:31.092259 Philosopher 2: Eating
2025/03/14 09:43:31.095470 ------------------------
2025/03/14 09:43:31.096035 Philosopher 0: Eating
2025/03/14 09:43:31.096440 Philosopher 1: Thinking
2025/03/14 09:43:31.096450 Philosopher 2: Eating
2025/03/14 09:43:31.096454 Philosopher 3: Thinking
2025/03/14 09:43:31.096459 Philosopher 4: Thinking
2025/03/14 09:43:31.111472 Philosopher 1: Thinking
2025/03/14 09:43:31.111566 Philosopher 1: Waiting
2025/03/14 09:43:31.143797 Philosopher 3: Thinking
2025/03/14 09:43:31.143849 Philosopher 3: Waiting
2025/03/14 09:43:31.162462 Philosopher 1: Thinking
2025/03/14 09:43:31.162547 Philosopher 1: Waiting
2025/03/14 09:43:31.179110 Philosopher 0: Thinking
2025/03/14 09:43:31.179195 Philosopher 0: Waiting
2025/03/14 09:43:31.179208 Philosopher 0: Eating
2025/03/14 09:43:31.183456 Philosopher 3: Eating
2025/03/14 09:43:31.184526 Philosopher 4: Thinking
2025/03/14 09:43:31.184558 Philosopher 4: Waiting
2025/03/14 09:43:31.196761 ------------------------
2025/03/14 09:43:31.196896 Philosopher 0: Thinking
2025/03/14 09:43:31.196987 Philosopher 1: Thinking
2025/03/14 09:43:31.197113 Philosopher 2: Thinking
2025/03/14 09:43:31.197189 Philosopher 3: Eating
2025/03/14 09:43:31.197254 Philosopher 4: Thinking
2025/03/14 09:43:31.201874 Philosopher 1: Thinking
2025/03/14 09:43:31.201998 Philosopher 1: Waiting
2025/03/14 09:43:31.202006 Philosopher 1: Eating
2025/03/14 09:43:31.209683 Philosopher 0: Thinking
2025/03/14 09:43:31.209736 Philosopher 0: Waiting
2025/03/14 09:43:31.216907 Philosopher 2: Thinking
2025/03/14 09:43:31.216982 Philosopher 2: Waiting
2025/03/14 09:43:31.239789 Philosopher 1: Thinking
2025/03/14 09:43:31.240224 Philosopher 1: Waiting
2025/03/14 09:43:31.240271 Philosopher 1: Eating
2025/03/14 09:43:31.258883 Philosopher 4: Eating
2025/03/14 09:43:31.265287 Philosopher 2: Thinking
2025/03/14 09:43:31.265385 Philosopher 2: Waiting
2025/03/14 09:43:31.265399 Philosopher 2: Eating
2025/03/14 09:43:31.268033 Philosopher 3: Thinking
2025/03/14 09:43:31.268445 Philosopher 3: Waiting
2025/03/14 09:43:31.279972 Philosopher 1: Thinking
2025/03/14 09:43:31.280047 Philosopher 1: Waiting
2025/03/14 09:43:31.282305 Philosopher 0: Thinking
2025/03/14 09:43:31.282411 Philosopher 0: Waiting
2025/03/14 09:43:31.297908 ------------------------
2025/03/14 09:43:31.297973 Philosopher 0: Thinking
2025/03/14 09:43:31.297988 Philosopher 1: Thinking
2025/03/14 09:43:31.297998 Philosopher 2: Eating
2025/03/14 09:43:31.298007 Philosopher 3: Thinking
2025/03/14 09:43:31.298016 Philosopher 4: Eating
2025/03/14 09:43:31.312219 Philosopher 0: Eating
2025/03/14 09:43:31.324352 Philosopher 3: Eating
2025/03/14 09:43:31.342464 Philosopher 1: Thinking
2025/03/14 09:43:31.342521 Philosopher 1: Waiting
2025/03/14 09:43:31.365443 Philosopher 1: Eating
2025/03/14 09:43:31.372738 Philosopher 4: Thinking
2025/03/14 09:43:31.372797 Philosopher 4: Waiting
2025/03/14 09:43:31.387949 Philosopher 2: Thinking
2025/03/14 09:43:31.388062 Philosopher 2: Waiting
2025/03/14 09:43:31.398254 ------------------------
2025/03/14 09:43:31.399182 Philosopher 0: Thinking
2025/03/14 09:43:31.399546 Philosopher 1: Thinking
2025/03/14 09:43:31.399603 Philosopher 2: Thinking
2025/03/14 09:43:31.399624 Philosopher 3: Eating
2025/03/14 09:43:31.399640 Philosopher 4: Thinking
2025/03/14 09:43:31.409253 Philosopher 4: Eating
2025/03/14 09:43:31.443432 Philosopher 2: Thinking
2025/03/14 09:43:31.443491 Philosopher 2: Waiting
2025/03/14 09:43:31.443507 Philosopher 2: Eating
2025/03/14 09:43:31.454590 Philosopher 0: Thinking
2025/03/14 09:43:31.454694 Philosopher 0: Waiting
2025/03/14 09:43:31.454635 Philosopher 1: Thinking
2025/03/14 09:43:31.454729 Philosopher 1: Waiting
2025/03/14 09:43:31.469960 Philosopher 0: Eating
2025/03/14 09:43:31.476355 Philosopher 3: Thinking
2025/03/14 09:43:31.476429 Philosopher 3: Waiting
2025/03/14 09:43:31.476441 Philosopher 3: Eating
2025/03/14 09:43:31.493742 Philosopher 1: Thinking
2025/03/14 09:43:31.493812 Philosopher 1: Waiting
2025/03/14 09:43:31.500241 ------------------------
2025/03/14 09:43:31.500306 Philosopher 0: Eating
2025/03/14 09:43:31.500321 Philosopher 1: Thinking
2025/03/14 09:43:31.500331 Philosopher 2: Thinking
2025/03/14 09:43:31.500341 Philosopher 3: Thinking
2025/03/14 09:43:31.500350 Philosopher 4: Thinking
2025/03/14 09:43:31.506687 Philosopher 2: Thinking
2025/03/14 09:43:31.507052 Philosopher 2: Waiting
2025/03/14 09:43:31.507069 Philosopher 2: Eating
2025/03/14 09:43:31.532797 Philosopher 3: Thinking
2025/03/14 09:43:31.532850 Philosopher 3: Waiting
2025/03/14 09:43:31.552085 Philosopher 3: Eating
2025/03/14 09:43:31.554310 Philosopher 4: Thinking
2025/03/14 09:43:31.554446 Philosopher 4: Waiting
2025/03/14 09:43:31.558781 Philosopher 1: Eating
2025/03/14 09:43:31.571259 Philosopher 0: Thinking
2025/03/14 09:43:31.571519 Philosopher 0: Waiting
2025/03/14 09:43:31.581703 Philosopher 2: Thinking
2025/03/14 09:43:31.581784 Philosopher 2: Waiting
2025/03/14 09:43:31.595173 Philosopher 0: Thinking
2025/03/14 09:43:31.595301 Philosopher 0: Waiting
2025/03/14 09:43:31.600584 ------------------------
2025/03/14 09:43:31.600787 Philosopher 0: Thinking
2025/03/14 09:43:31.600805 Philosopher 1: Eating
2025/03/14 09:43:31.600859 Philosopher 2: Thinking
2025/03/14 09:43:31.600870 Philosopher 3: Eating
2025/03/14 09:43:31.602757 Philosopher 4: Thinking
2025/03/14 09:43:31.602796 Philosopher 4: Eating
2025/03/14 09:43:31.632438 Philosopher 2: Eating
2025/03/14 09:43:31.647870 Philosopher 0: Thinking
2025/03/14 09:43:31.648195 Philosopher 0: Waiting
2025/03/14 09:43:31.648279 Philosopher 0: Eating
2025/03/14 09:43:31.657159 Philosopher 3: Thinking
2025/03/14 09:43:31.657845 Philosopher 3: Waiting
2025/03/14 09:43:31.678336 Philosopher 1: Thinking
2025/03/14 09:43:31.678386 Philosopher 1: Waiting
2025/03/14 09:43:31.703054 ------------------------
2025/03/14 09:43:31.703216 Philosopher 0: Thinking
2025/03/14 09:43:31.703264 Philosopher 1: Thinking
2025/03/14 09:43:31.703300 Philosopher 2: Eating
2025/03/14 09:43:31.703335 Philosopher 3: Thinking
2025/03/14 09:43:31.703369 Philosopher 4: Thinking
2025/03/14 09:43:31.727083 Philosopher 3: Eating
2025/03/14 09:43:31.727147 Philosopher 4: Thinking
2025/03/14 09:43:31.727173 Philosopher 4: Waiting
2025/03/14 09:43:31.749418 Philosopher 4: Eating
2025/03/14 09:43:31.772326 Philosopher 1: Thinking
2025/03/14 09:43:31.772484 Philosopher 1: Waiting
2025/03/14 09:43:31.772529 Philosopher 1: Eating
2025/03/14 09:43:31.773742 Philosopher 0: Thinking
2025/03/14 09:43:31.773862 Philosopher 0: Waiting
2025/03/14 09:43:31.777013 Philosopher 3: Thinking
2025/03/14 09:43:31.777106 Philosopher 3: Waiting
2025/03/14 09:43:31.801261 Philosopher 2: Thinking
2025/03/14 09:43:31.801316 Philosopher 2: Waiting
2025/03/14 09:43:31.802442 Philosopher 1: Done eating
2025/03/14 09:43:31.802499 Philosopher 2: Eating
2025/03/14 09:43:31.803672 ------------------------
2025/03/14 09:43:31.803854 Philosopher 0: Thinking
2025/03/14 09:43:31.804289 Philosopher 1: Done
2025/03/14 09:43:31.804309 Philosopher 2: Eating
2025/03/14 09:43:31.804327 Philosopher 3: Thinking
2025/03/14 09:43:31.804342 Philosopher 4: Eating
2025/03/14 09:43:31.820946 Philosopher 0: Eating
2025/03/14 09:43:31.828575 Philosopher 0: Done eating
2025/03/14 09:43:31.875571 Philosopher 3: Thinking
2025/03/14 09:43:31.877036 Philosopher 3: Waiting
2025/03/14 09:43:31.877066 Philosopher 3: Eating
2025/03/14 09:43:31.904925 ------------------------
2025/03/14 09:43:31.906750 Philosopher 0: Done
2025/03/14 09:43:31.906781 Philosopher 1: Done
2025/03/14 09:43:31.906803 Philosopher 2: Thinking
2025/03/14 09:43:31.906824 Philosopher 3: Eating
2025/03/14 09:43:31.906844 Philosopher 4: Thinking
2025/03/14 09:43:31.916891 Philosopher 4: Thinking
2025/03/14 09:43:31.916989 Philosopher 4: Waiting
2025/03/14 09:43:31.970391 Philosopher 2: Thinking
2025/03/14 09:43:31.972327 Philosopher 2: Waiting
2025/03/14 09:43:31.976897 Philosopher 4: Eating
2025/03/14 09:43:31.978271 Philosopher 3: Thinking
2025/03/14 09:43:31.978380 Philosopher 3: Waiting
2025/03/14 09:43:31.978463 Philosopher 3: Thinking
2025/03/14 09:43:31.978526 Philosopher 3: Waiting
2025/03/14 09:43:31.980735 Philosopher 4: Done eating
2025/03/14 09:43:32.007040 ------------------------
2025/03/14 09:43:32.007130 Philosopher 0: Done
2025/03/14 09:43:32.007213 Philosopher 1: Done
2025/03/14 09:43:32.007229 Philosopher 2: Thinking
2025/03/14 09:43:32.007244 Philosopher 3: Thinking
2025/03/14 09:43:32.007263 Philosopher 4: Done
2025/03/14 09:43:32.069311 Philosopher 2: Thinking
2025/03/14 09:43:32.069398 Philosopher 2: Waiting
2025/03/14 09:43:32.069502 Philosopher 2: Eating
2025/03/14 09:43:32.076162 Philosopher 3: Thinking
2025/03/14 09:43:32.076295 Philosopher 3: Waiting
2025/03/14 09:43:32.089533 Philosopher 3: Eating
2025/03/14 09:43:32.089523 Philosopher 2: Done eating
2025/03/14 09:43:32.107802 ------------------------
2025/03/14 09:43:32.107961 Philosopher 0: Done
2025/03/14 09:43:32.107969 Philosopher 1: Done
2025/03/14 09:43:32.107973 Philosopher 2: Done
2025/03/14 09:43:32.107976 Philosopher 3: Eating
2025/03/14 09:43:32.107980 Philosopher 4: Done
2025/03/14 09:43:32.130172 Philosopher 3: Done eating
2025/03/14 09:43:32.130472 ------------ Dinner Done ------------
2025/03/14 09:43:32.130693 Philosopher 0: Thinking = 704.991414ms, Waiting = 2.348µs, Eating = 428.596284ms
2025/03/14 09:43:32.130724 Philosopher 1: Thinking = 783.481905ms, Waiting = 2.108µs, Eating = 325.284571ms
2025/03/14 09:43:32.130736 Philosopher 2: Thinking = 839.721539ms, Waiting = 925ns, Eating = 583.068577ms
2025/03/14 09:43:32.130746 Philosopher 3: Thinking = 733.240469ms, Waiting = 1.541µs, Eating = 619.364293ms
2025/03/14 09:43:32.130757 Philosopher 4: Thinking = 729.111498ms, Waiting = 1.011µs, Eating = 408.393144ms
2025/03/14 09:43:32.130767 Average Think Time = 758.109365ms, Average Wait Time = 1.586µs, Average Eat Time = 472.941373ms
